1  4.906878471374512
2  5.16836142539978
4  5.6776533126831055
8  5.833530902862549
16  5.842362642288208
32  5.869549989700317
64  5.820786476135254
128  5.773470163345337
256  5.819051504135132
512  6.072688817977905
1024  6.106010437011719
2048  6.2511982917785645
4096  6.225071668624878
8192  6.160937786102295
16384  6.179632902145386
32768  6.13866662979126
65536  6.018956422805786
131072  5.988910913467407
262144  6.074740171432495
524288  6.000138282775879
1048576  5.644847393035889
2097152  5.348111867904663
4194304  4.494394063949585
8388608  2.870932102203369
