1  1.8800926208496094
2  1.7837424278259277
4  1.3037874698638916
8  1.2700955867767334
16  1.1631219387054443
32  1.1420133113861084
64  1.0957844257354736
128  1.1120593547821045
256  1.105987310409546
512  1.1743803024291992
1024  1.211949110031128
2048  1.1966137886047363
4096  1.2434256076812744
8192  1.2614421844482422
16384  1.218773365020752
32768  1.2258434295654297
65536  1.2317883968353271
131072  1.2441318035125732
262144  1.2724990844726562
524288  1.303117275238037
1048576  1.4282536506652832
2097152  1.5154614448547363
4194304  1.8337600231170654
8388608  2.6019887924194336
