1  3.8717122077941895
2  4.146559238433838
4  4.2968950271606445
8  4.508186340332031
16  4.39065957069397
32  4.3843958377838135
64  4.39889121055603
128  4.4269938468933105
256  4.464526891708374
512  4.810324192047119
1024  4.858976602554321
2048  4.814173460006714
4096  4.779277563095093
8192  4.873053073883057
16384  4.920797109603882
32768  4.826725006103516
65536  4.679858446121216
131072  4.711186170578003
262144  4.8149425983428955
524288  4.67050313949585
1048576  4.5370635986328125
2097152  4.081149339675903
4194304  3.3050975799560547
8388608  1.7487549781799316
