1  3.8745431900024414
2  4.426474094390869
4  6.431991338729858
8  7.535594701766968
16  11.675030708312988
32  19.919591188430786
64  34.32826352119446
128  67.56735348701477
256  121.21371126174927
512  224.925954580307
1024  381.99467253685
2048  519.0128905773163
4096  474.72655034065247
8192  77.66640424728394
16384  502.1511971950531
32768  577.7463135719299
65536  427.2446069717407
131072  98.40615653991699
262144  562.6306142807007
524288  137.14414715766907
1048576  384.1540689468384
2097152  444.1279492378235
4194304  331.87492418289185
8388608  58.60822296142578
