1  4.886020183563232
2  5.5073864459991455
4  6.554293870925903
8  8.853947877883911
16  13.371330261230469
32  21.919591665267944
64  39.128997802734375
128  74.72860383987427
256  136.47009372711182
512  268.724365234375
1024  438.84405183792114
2048  599.1458940505981
4096  622.0178503990173
8192  606.023077249527
16384  607.0051429271698
32768  588.9456567764282
65536  588.1585309505463
131072  584.7180321216583
262144  576.1138451099396
524288  565.6575353145599
1048576  544.5200688838959
2097152  481.59665989875793
4194304  350.8045585155487
8388608  100.29846358299255

