1  1.8211376667022705
2  1.8571016788482666
4  1.8031680583953857
8  1.793166160583496
16  1.8341233730316162
32  1.8051526546478271
64  1.8231372833251953
128  1.8121473789215088
256  1.7981598377227783
512  1.9500048160552979
1024  1.9739811420440674
2048  1.9330241680145264
4096  1.1198573112487793
8192  1.0659220218658447
16384  1.0768918991088867
32768  1.109877109527588
65536  1.0898323059082031
131072  1.1088755130767822
262144  1.1428472995758057
524288  1.1847894191741943
1048576  1.2457261085510254
2097152  1.455528736114502
4194304  1.7562041282653809
8388608  2.631321668624878
