1  2.658649206161499
2  2.654484272003174
4  2.6399011611938477
8  2.73307466506958
16  2.763850450515747
32  2.7544004917144775
64  2.7253048419952393
128  2.712354898452759
256  2.6927053928375244
512  2.8930256366729736
1024  2.7402753829956055
2048  2.7715086936950684
4096  2.7488372325897217
8192  2.851945400238037
16384  2.830122947692871
32768  2.858401298522949
65536  2.819117546081543
131072  2.8067338466644287
262144  2.69858717918396
524288  2.612727642059326
1048576  2.578364133834839
2097152  2.484534978866577
4194304  1.6992626190185547
