1  0.5004262924194336
2  0.501490592956543
4  0.4965667724609375
8  0.49775266647338867
16  0.49376630783081055
32  0.5017149448394775
64  0.5012309551239014
128  0.5087196826934814
256  0.5056829452514648
512  0.5039467811584473
1024  0.505021333694458
2048  0.5348994731903076
4096  0.5694184303283691
8192  0.4984900951385498
16384  0.4973154067993164
32768  0.547440767288208
65536  0.5883984565734863
131072  0.5644352436065674
262144  0.561253547668457
524288  0.6300837993621826
1048576  0.7082762718200684
2097152  0.9321146011352539
4194304  1.3620409965515137
