1  1.9222266674041748
2  1.9222712516784668
4  1.932020902633667
8  2.0728671550750732
16  1.9031810760498047
32  1.9480617046356201
64  1.9348869323730469
128  1.9101033210754395
256  2.066481113433838
512  2.292954206466675
1024  2.133951425552368
2048  2.1738531589508057
4096  2.1731677055358887
8192  2.154346466064453
16384  2.180206775665283
32768  2.1816821098327637
65536  2.1918885707855225
131072  2.1672394275665283
262144  2.123169422149658
524288  2.105699300765991
1048576  1.8981294631958008
2097152  1.6600768566131592
4194304  1.0715632438659668
